000000000000000000000000000000000000000000000000000
000000000000000000000000000000000000000000000000000
000000000000000000000000000000000000000000000000000
000000000111000000000000111000000000000111000000000
000000011000110000000011000110000000011000110000000
000000011000110000000011000110000000011000110000000
000000011000110000000011000110000000011000110000000
000000000111000000000000111000000000000111000000000
000000000000000000000000000000000000000000000000000
000000000111000000000000111000000000000111000000000
000000011000110000000011000110000000011000110000000
000000011000110000000011000110000000011000110000000
000000011000110000000011000110000000011000110000000
000000000111000000000000111000000000000111000000000
000000000000000000000000000000000000000000000000000
000000000111000000000000111000000000000111000000000
000000011000110000000011000110000000011000110000000
000000011000110000000011000110000000011000110000000
000000011000110000000011000110000000011000110000000
000000000111000000000000111000000000000111000000000
000000000000000000000000000000000000000000000000000
000000000000000000000000000000000000000000000000000
000000000000000000000000000000000000000000000000000